p cnf 96 2658
1 2 3 4 5 6 7 8 9 10 11 12 13 14 15 16 17 18 19 20 21 22 23 24 25 26 27 28 29 30 31 32 33 34 35 36 37 38 39 40 0
41 42 43 44 45 46 47 48 49 50 51 52 53 54 0
55 56 57 58 59 60 61 62 63 64 65 66 0
67 68 69 70 71 72 73 74 75 76 77 78 79 80 81 82 83 84 85 86 87 88 89 90 91 92 93 94 95 96 0
-1 -2 0
-1 -3 0
-1 -4 0
-1 -5 0
-1 -6 0
-1 -7 0
-1 -8 0
-1 -9 0
-1 -10 0
-1 -11 0
-1 -12 0
-1 -13 0
-1 -14 0
-1 -15 0
-1 -16 0
-1 -17 0
-1 -18 0
-1 -19 0
-1 -20 0
-1 -21 0
-1 -22 0
-1 -23 0
-1 -24 0
-1 -25 0
-1 -26 0
-1 -27 0
-1 -28 0
-1 -29 0
-1 -30 0
-1 -31 0
-1 -32 0
-1 -33 0
-1 -34 0
-1 -35 0
-1 -36 0
-1 -37 0
-1 -38 0
-1 -39 0
-1 -40 0
-2 -3 0
-2 -4 0
-2 -5 0
-2 -6 0
-2 -7 0
-2 -8 0
-2 -9 0
-2 -10 0
-2 -11 0
-2 -12 0
-2 -13 0
-2 -14 0
-2 -15 0
-2 -16 0
-2 -17 0
-2 -18 0
-2 -19 0
-2 -20 0
-2 -21 0
-2 -22 0
-2 -23 0
-2 -24 0
-2 -25 0
-2 -26 0
-2 -27 0
-2 -28 0
-2 -29 0
-2 -30 0
-2 -31 0
-2 -32 0
-2 -33 0
-2 -34 0
-2 -35 0
-2 -36 0
-2 -37 0
-2 -38 0
-2 -39 0
-2 -40 0
-3 -4 0
-3 -5 0
-3 -6 0
-3 -7 0
-3 -8 0
-3 -9 0
-3 -10 0
-3 -11 0
-3 -12 0
-3 -13 0
-3 -14 0
-3 -15 0
-3 -16 0
-3 -17 0
-3 -18 0
-3 -19 0
-3 -20 0
-3 -21 0
-3 -22 0
-3 -23 0
-3 -24 0
-3 -25 0
-3 -26 0
-3 -27 0
-3 -28 0
-3 -29 0
-3 -30 0
-3 -31 0
-3 -32 0
-3 -33 0
-3 -34 0
-3 -35 0
-3 -36 0
-3 -37 0
-3 -38 0
-3 -39 0
-3 -40 0
-4 -5 0
-4 -6 0
-4 -7 0
-4 -8 0
-4 -9 0
-4 -10 0
-4 -11 0
-4 -12 0
-4 -13 0
-4 -14 0
-4 -15 0
-4 -16 0
-4 -17 0
-4 -18 0
-4 -19 0
-4 -20 0
-4 -21 0
-4 -22 0
-4 -23 0
-4 -24 0
-4 -25 0
-4 -26 0
-4 -27 0
-4 -28 0
-4 -29 0
-4 -30 0
-4 -31 0
-4 -32 0
-4 -33 0
-4 -34 0
-4 -35 0
-4 -36 0
-4 -37 0
-4 -38 0
-4 -39 0
-4 -40 0
-5 -6 0
-5 -7 0
-5 -8 0
-5 -9 0
-5 -10 0
-5 -11 0
-5 -12 0
-5 -13 0
-5 -14 0
-5 -15 0
-5 -16 0
-5 -17 0
-5 -18 0
-5 -19 0
-5 -20 0
-5 -21 0
-5 -22 0
-5 -23 0
-5 -24 0
-5 -25 0
-5 -26 0
-5 -27 0
-5 -28 0
-5 -29 0
-5 -30 0
-5 -31 0
-5 -32 0
-5 -33 0
-5 -34 0
-5 -35 0
-5 -36 0
-5 -37 0
-5 -38 0
-5 -39 0
-5 -40 0
-6 -7 0
-6 -8 0
-6 -9 0
-6 -10 0
-6 -11 0
-6 -12 0
-6 -13 0
-6 -14 0
-6 -15 0
-6 -16 0
-6 -17 0
-6 -18 0
-6 -19 0
-6 -20 0
-6 -21 0
-6 -22 0
-6 -23 0
-6 -24 0
-6 -25 0
-6 -26 0
-6 -27 0
-6 -28 0
-6 -29 0
-6 -30 0
-6 -31 0
-6 -32 0
-6 -33 0
-6 -34 0
-6 -35 0
-6 -36 0
-6 -37 0
-6 -38 0
-6 -39 0
-6 -40 0
-7 -8 0
-7 -9 0
-7 -10 0
-7 -11 0
-7 -12 0
-7 -13 0
-7 -14 0
-7 -15 0
-7 -16 0
-7 -17 0
-7 -18 0
-7 -19 0
-7 -20 0
-7 -21 0
-7 -22 0
-7 -23 0
-7 -24 0
-7 -25 0
-7 -26 0
-7 -27 0
-7 -28 0
-7 -29 0
-7 -30 0
-7 -31 0
-7 -32 0
-7 -33 0
-7 -34 0
-7 -35 0
-7 -36 0
-7 -37 0
-7 -38 0
-7 -39 0
-7 -40 0
-8 -9 0
-8 -10 0
-8 -11 0
-8 -12 0
-8 -13 0
-8 -14 0
-8 -15 0
-8 -16 0
-8 -17 0
-8 -18 0
-8 -19 0
-8 -20 0
-8 -21 0
-8 -22 0
-8 -23 0
-8 -24 0
-8 -25 0
-8 -26 0
-8 -27 0
-8 -28 0
-8 -29 0
-8 -30 0
-8 -31 0
-8 -32 0
-8 -33 0
-8 -34 0
-8 -35 0
-8 -36 0
-8 -37 0
-8 -38 0
-8 -39 0
-8 -40 0
-9 -10 0
-9 -11 0
-9 -12 0
-9 -13 0
-9 -14 0
-9 -15 0
-9 -16 0
-9 -17 0
-9 -18 0
-9 -19 0
-9 -20 0
-9 -21 0
-9 -22 0
-9 -23 0
-9 -24 0
-9 -25 0
-9 -26 0
-9 -27 0
-9 -28 0
-9 -29 0
-9 -30 0
-9 -31 0
-9 -32 0
-9 -33 0
-9 -34 0
-9 -35 0
-9 -36 0
-9 -37 0
-9 -38 0
-9 -39 0
-9 -40 0
-10 -11 0
-10 -12 0
-10 -13 0
-10 -14 0
-10 -15 0
-10 -16 0
-10 -17 0
-10 -18 0
-10 -19 0
-10 -20 0
-10 -21 0
-10 -22 0
-10 -23 0
-10 -24 0
-10 -25 0
-10 -26 0
-10 -27 0
-10 -28 0
-10 -29 0
-10 -30 0
-10 -31 0
-10 -32 0
-10 -33 0
-10 -34 0
-10 -35 0
-10 -36 0
-10 -37 0
-10 -38 0
-10 -39 0
-10 -40 0
-11 -12 0
-11 -13 0
-11 -14 0
-11 -15 0
-11 -16 0
-11 -17 0
-11 -18 0
-11 -19 0
-11 -20 0
-11 -21 0
-11 -22 0
-11 -23 0
-11 -24 0
-11 -25 0
-11 -26 0
-11 -27 0
-11 -28 0
-11 -29 0
-11 -30 0
-11 -31 0
-11 -32 0
-11 -33 0
-11 -34 0
-11 -35 0
-11 -36 0
-11 -37 0
-11 -38 0
-11 -39 0
-11 -40 0
-12 -13 0
-12 -14 0
-12 -15 0
-12 -16 0
-12 -17 0
-12 -18 0
-12 -19 0
-12 -20 0
-12 -21 0
-12 -22 0
-12 -23 0
-12 -24 0
-12 -25 0
-12 -26 0
-12 -27 0
-12 -28 0
-12 -29 0
-12 -30 0
-12 -31 0
-12 -32 0
-12 -33 0
-12 -34 0
-12 -35 0
-12 -36 0
-12 -37 0
-12 -38 0
-12 -39 0
-12 -40 0
-13 -14 0
-13 -15 0
-13 -16 0
-13 -17 0
-13 -18 0
-13 -19 0
-13 -20 0
-13 -21 0
-13 -22 0
-13 -23 0
-13 -24 0
-13 -25 0
-13 -26 0
-13 -27 0
-13 -28 0
-13 -29 0
-13 -30 0
-13 -31 0
-13 -32 0
-13 -33 0
-13 -34 0
-13 -35 0
-13 -36 0
-13 -37 0
-13 -38 0
-13 -39 0
-13 -40 0
-14 -15 0
-14 -16 0
-14 -17 0
-14 -18 0
-14 -19 0
-14 -20 0
-14 -21 0
-14 -22 0
-14 -23 0
-14 -24 0
-14 -25 0
-14 -26 0
-14 -27 0
-14 -28 0
-14 -29 0
-14 -30 0
-14 -31 0
-14 -32 0
-14 -33 0
-14 -34 0
-14 -35 0
-14 -36 0
-14 -37 0
-14 -38 0
-14 -39 0
-14 -40 0
-15 -16 0
-15 -17 0
-15 -18 0
-15 -19 0
-15 -20 0
-15 -21 0
-15 -22 0
-15 -23 0
-15 -24 0
-15 -25 0
-15 -26 0
-15 -27 0
-15 -28 0
-15 -29 0
-15 -30 0
-15 -31 0
-15 -32 0
-15 -33 0
-15 -34 0
-15 -35 0
-15 -36 0
-15 -37 0
-15 -38 0
-15 -39 0
-15 -40 0
-16 -17 0
-16 -18 0
-16 -19 0
-16 -20 0
-16 -21 0
-16 -22 0
-16 -23 0
-16 -24 0
-16 -25 0
-16 -26 0
-16 -27 0
-16 -28 0
-16 -29 0
-16 -30 0
-16 -31 0
-16 -32 0
-16 -33 0
-16 -34 0
-16 -35 0
-16 -36 0
-16 -37 0
-16 -38 0
-16 -39 0
-16 -40 0
-17 -18 0
-17 -19 0
-17 -20 0
-17 -21 0
-17 -22 0
-17 -23 0
-17 -24 0
-17 -25 0
-17 -26 0
-17 -27 0
-17 -28 0
-17 -29 0
-17 -30 0
-17 -31 0
-17 -32 0
-17 -33 0
-17 -34 0
-17 -35 0
-17 -36 0
-17 -37 0
-17 -38 0
-17 -39 0
-17 -40 0
-18 -19 0
-18 -20 0
-18 -21 0
-18 -22 0
-18 -23 0
-18 -24 0
-18 -25 0
-18 -26 0
-18 -27 0
-18 -28 0
-18 -29 0
-18 -30 0
-18 -31 0
-18 -32 0
-18 -33 0
-18 -34 0
-18 -35 0
-18 -36 0
-18 -37 0
-18 -38 0
-18 -39 0
-18 -40 0
-19 -20 0
-19 -21 0
-19 -22 0
-19 -23 0
-19 -24 0
-19 -25 0
-19 -26 0
-19 -27 0
-19 -28 0
-19 -29 0
-19 -30 0
-19 -31 0
-19 -32 0
-19 -33 0
-19 -34 0
-19 -35 0
-19 -36 0
-19 -37 0
-19 -38 0
-19 -39 0
-19 -40 0
-20 -21 0
-20 -22 0
-20 -23 0
-20 -24 0
-20 -25 0
-20 -26 0
-20 -27 0
-20 -28 0
-20 -29 0
-20 -30 0
-20 -31 0
-20 -32 0
-20 -33 0
-20 -34 0
-20 -35 0
-20 -36 0
-20 -37 0
-20 -38 0
-20 -39 0
-20 -40 0
-21 -22 0
-21 -23 0
-21 -24 0
-21 -25 0
-21 -26 0
-21 -27 0
-21 -28 0
-21 -29 0
-21 -30 0
-21 -31 0
-21 -32 0
-21 -33 0
-21 -34 0
-21 -35 0
-21 -36 0
-21 -37 0
-21 -38 0
-21 -39 0
-21 -40 0
-22 -23 0
-22 -24 0
-22 -25 0
-22 -26 0
-22 -27 0
-22 -28 0
-22 -29 0
-22 -30 0
-22 -31 0
-22 -32 0
-22 -33 0
-22 -34 0
-22 -35 0
-22 -36 0
-22 -37 0
-22 -38 0
-22 -39 0
-22 -40 0
-23 -24 0
-23 -25 0
-23 -26 0
-23 -27 0
-23 -28 0
-23 -29 0
-23 -30 0
-23 -31 0
-23 -32 0
-23 -33 0
-23 -34 0
-23 -35 0
-23 -36 0
-23 -37 0
-23 -38 0
-23 -39 0
-23 -40 0
-24 -25 0
-24 -26 0
-24 -27 0
-24 -28 0
-24 -29 0
-24 -30 0
-24 -31 0
-24 -32 0
-24 -33 0
-24 -34 0
-24 -35 0
-24 -36 0
-24 -37 0
-24 -38 0
-24 -39 0
-24 -40 0
-25 -26 0
-25 -27 0
-25 -28 0
-25 -29 0
-25 -30 0
-25 -31 0
-25 -32 0
-25 -33 0
-25 -34 0
-25 -35 0
-25 -36 0
-25 -37 0
-25 -38 0
-25 -39 0
-25 -40 0
-26 -27 0
-26 -28 0
-26 -29 0
-26 -30 0
-26 -31 0
-26 -32 0
-26 -33 0
-26 -34 0
-26 -35 0
-26 -36 0
-26 -37 0
-26 -38 0
-26 -39 0
-26 -40 0
-27 -28 0
-27 -29 0
-27 -30 0
-27 -31 0
-27 -32 0
-27 -33 0
-27 -34 0
-27 -35 0
-27 -36 0
-27 -37 0
-27 -38 0
-27 -39 0
-27 -40 0
-28 -29 0
-28 -30 0
-28 -31 0
-28 -32 0
-28 -33 0
-28 -34 0
-28 -35 0
-28 -36 0
-28 -37 0
-28 -38 0
-28 -39 0
-28 -40 0
-29 -30 0
-29 -31 0
-29 -32 0
-29 -33 0
-29 -34 0
-29 -35 0
-29 -36 0
-29 -37 0
-29 -38 0
-29 -39 0
-29 -40 0
-30 -31 0
-30 -32 0
-30 -33 0
-30 -34 0
-30 -35 0
-30 -36 0
-30 -37 0
-30 -38 0
-30 -39 0
-30 -40 0
-31 -32 0
-31 -33 0
-31 -34 0
-31 -35 0
-31 -36 0
-31 -37 0
-31 -38 0
-31 -39 0
-31 -40 0
-32 -33 0
-32 -34 0
-32 -35 0
-32 -36 0
-32 -37 0
-32 -38 0
-32 -39 0
-32 -40 0
-33 -34 0
-33 -35 0
-33 -36 0
-33 -37 0
-33 -38 0
-33 -39 0
-33 -40 0
-34 -35 0
-34 -36 0
-34 -37 0
-34 -38 0
-34 -39 0
-34 -40 0
-35 -36 0
-35 -37 0
-35 -38 0
-35 -39 0
-35 -40 0
-36 -37 0
-36 -38 0
-36 -39 0
-36 -40 0
-37 -38 0
-37 -39 0
-37 -40 0
-38 -39 0
-38 -40 0
-39 -40 0
-41 -42 0
-41 -43 0
-41 -44 0
-41 -45 0
-41 -46 0
-41 -47 0
-41 -48 0
-41 -49 0
-41 -50 0
-41 -51 0
-41 -52 0
-41 -53 0
-41 -54 0
-42 -43 0
-42 -44 0
-42 -45 0
-42 -46 0
-42 -47 0
-42 -48 0
-42 -49 0
-42 -50 0
-42 -51 0
-42 -52 0
-42 -53 0
-42 -54 0
-43 -44 0
-43 -45 0
-43 -46 0
-43 -47 0
-43 -48 0
-43 -49 0
-43 -50 0
-43 -51 0
-43 -52 0
-43 -53 0
-43 -54 0
-44 -45 0
-44 -46 0
-44 -47 0
-44 -48 0
-44 -49 0
-44 -50 0
-44 -51 0
-44 -52 0
-44 -53 0
-44 -54 0
-45 -46 0
-45 -47 0
-45 -48 0
-45 -49 0
-45 -50 0
-45 -51 0
-45 -52 0
-45 -53 0
-45 -54 0
-46 -47 0
-46 -48 0
-46 -49 0
-46 -50 0
-46 -51 0
-46 -52 0
-46 -53 0
-46 -54 0
-47 -48 0
-47 -49 0
-47 -50 0
-47 -51 0
-47 -52 0
-47 -53 0
-47 -54 0
-48 -49 0
-48 -50 0
-48 -51 0
-48 -52 0
-48 -53 0
-48 -54 0
-49 -50 0
-49 -51 0
-49 -52 0
-49 -53 0
-49 -54 0
-50 -51 0
-50 -52 0
-50 -53 0
-50 -54 0
-51 -52 0
-51 -53 0
-51 -54 0
-52 -53 0
-52 -54 0
-53 -54 0
-55 -56 0
-55 -57 0
-55 -58 0
-55 -59 0
-55 -60 0
-55 -61 0
-55 -62 0
-55 -63 0
-55 -64 0
-55 -65 0
-55 -66 0
-56 -57 0
-56 -58 0
-56 -59 0
-56 -60 0
-56 -61 0
-56 -62 0
-56 -63 0
-56 -64 0
-56 -65 0
-56 -66 0
-57 -58 0
-57 -59 0
-57 -60 0
-57 -61 0
-57 -62 0
-57 -63 0
-57 -64 0
-57 -65 0
-57 -66 0
-58 -59 0
-58 -60 0
-58 -61 0
-58 -62 0
-58 -63 0
-58 -64 0
-58 -65 0
-58 -66 0
-59 -60 0
-59 -61 0
-59 -62 0
-59 -63 0
-59 -64 0
-59 -65 0
-59 -66 0
-60 -61 0
-60 -62 0
-60 -63 0
-60 -64 0
-60 -65 0
-60 -66 0
-61 -62 0
-61 -63 0
-61 -64 0
-61 -65 0
-61 -66 0
-62 -63 0
-62 -64 0
-62 -65 0
-62 -66 0
-63 -64 0
-63 -65 0
-63 -66 0
-64 -65 0
-64 -66 0
-65 -66 0
-67 -68 0
-67 -69 0
-67 -70 0
-67 -71 0
-67 -72 0
-67 -73 0
-67 -74 0
-67 -75 0
-67 -76 0
-67 -77 0
-67 -78 0
-67 -79 0
-67 -80 0
-67 -81 0
-67 -82 0
-67 -83 0
-67 -84 0
-67 -85 0
-67 -86 0
-67 -87 0
-67 -88 0
-67 -89 0
-67 -90 0
-67 -91 0
-67 -92 0
-67 -93 0
-67 -94 0
-67 -95 0
-67 -96 0
-68 -69 0
-68 -70 0
-68 -71 0
-68 -72 0
-68 -73 0
-68 -74 0
-68 -75 0
-68 -76 0
-68 -77 0
-68 -78 0
-68 -79 0
-68 -80 0
-68 -81 0
-68 -82 0
-68 -83 0
-68 -84 0
-68 -85 0
-68 -86 0
-68 -87 0
-68 -88 0
-68 -89 0
-68 -90 0
-68 -91 0
-68 -92 0
-68 -93 0
-68 -94 0
-68 -95 0
-68 -96 0
-69 -70 0
-69 -71 0
-69 -72 0
-69 -73 0
-69 -74 0
-69 -75 0
-69 -76 0
-69 -77 0
-69 -78 0
-69 -79 0
-69 -80 0
-69 -81 0
-69 -82 0
-69 -83 0
-69 -84 0
-69 -85 0
-69 -86 0
-69 -87 0
-69 -88 0
-69 -89 0
-69 -90 0
-69 -91 0
-69 -92 0
-69 -93 0
-69 -94 0
-69 -95 0
-69 -96 0
-70 -71 0
-70 -72 0
-70 -73 0
-70 -74 0
-70 -75 0
-70 -76 0
-70 -77 0
-70 -78 0
-70 -79 0
-70 -80 0
-70 -81 0
-70 -82 0
-70 -83 0
-70 -84 0
-70 -85 0
-70 -86 0
-70 -87 0
-70 -88 0
-70 -89 0
-70 -90 0
-70 -91 0
-70 -92 0
-70 -93 0
-70 -94 0
-70 -95 0
-70 -96 0
-71 -72 0
-71 -73 0
-71 -74 0
-71 -75 0
-71 -76 0
-71 -77 0
-71 -78 0
-71 -79 0
-71 -80 0
-71 -81 0
-71 -82 0
-71 -83 0
-71 -84 0
-71 -85 0
-71 -86 0
-71 -87 0
-71 -88 0
-71 -89 0
-71 -90 0
-71 -91 0
-71 -92 0
-71 -93 0
-71 -94 0
-71 -95 0
-71 -96 0
-72 -73 0
-72 -74 0
-72 -75 0
-72 -76 0
-72 -77 0
-72 -78 0
-72 -79 0
-72 -80 0
-72 -81 0
-72 -82 0
-72 -83 0
-72 -84 0
-72 -85 0
-72 -86 0
-72 -87 0
-72 -88 0
-72 -89 0
-72 -90 0
-72 -91 0
-72 -92 0
-72 -93 0
-72 -94 0
-72 -95 0
-72 -96 0
-73 -74 0
-73 -75 0
-73 -76 0
-73 -77 0
-73 -78 0
-73 -79 0
-73 -80 0
-73 -81 0
-73 -82 0
-73 -83 0
-73 -84 0
-73 -85 0
-73 -86 0
-73 -87 0
-73 -88 0
-73 -89 0
-73 -90 0
-73 -91 0
-73 -92 0
-73 -93 0
-73 -94 0
-73 -95 0
-73 -96 0
-74 -75 0
-74 -76 0
-74 -77 0
-74 -78 0
-74 -79 0
-74 -80 0
-74 -81 0
-74 -82 0
-74 -83 0
-74 -84 0
-74 -85 0
-74 -86 0
-74 -87 0
-74 -88 0
-74 -89 0
-74 -90 0
-74 -91 0
-74 -92 0
-74 -93 0
-74 -94 0
-74 -95 0
-74 -96 0
-75 -76 0
-75 -77 0
-75 -78 0
-75 -79 0
-75 -80 0
-75 -81 0
-75 -82 0
-75 -83 0
-75 -84 0
-75 -85 0
-75 -86 0
-75 -87 0
-75 -88 0
-75 -89 0
-75 -90 0
-75 -91 0
-75 -92 0
-75 -93 0
-75 -94 0
-75 -95 0
-75 -96 0
-76 -77 0
-76 -78 0
-76 -79 0
-76 -80 0
-76 -81 0
-76 -82 0
-76 -83 0
-76 -84 0
-76 -85 0
-76 -86 0
-76 -87 0
-76 -88 0
-76 -89 0
-76 -90 0
-76 -91 0
-76 -92 0
-76 -93 0
-76 -94 0
-76 -95 0
-76 -96 0
-77 -78 0
-77 -79 0
-77 -80 0
-77 -81 0
-77 -82 0
-77 -83 0
-77 -84 0
-77 -85 0
-77 -86 0
-77 -87 0
-77 -88 0
-77 -89 0
-77 -90 0
-77 -91 0
-77 -92 0
-77 -93 0
-77 -94 0
-77 -95 0
-77 -96 0
-78 -79 0
-78 -80 0
-78 -81 0
-78 -82 0
-78 -83 0
-78 -84 0
-78 -85 0
-78 -86 0
-78 -87 0
-78 -88 0
-78 -89 0
-78 -90 0
-78 -91 0
-78 -92 0
-78 -93 0
-78 -94 0
-78 -95 0
-78 -96 0
-79 -80 0
-79 -81 0
-79 -82 0
-79 -83 0
-79 -84 0
-79 -85 0
-79 -86 0
-79 -87 0
-79 -88 0
-79 -89 0
-79 -90 0
-79 -91 0
-79 -92 0
-79 -93 0
-79 -94 0
-79 -95 0
-79 -96 0
-80 -81 0
-80 -82 0
-80 -83 0
-80 -84 0
-80 -85 0
-80 -86 0
-80 -87 0
-80 -88 0
-80 -89 0
-80 -90 0
-80 -91 0
-80 -92 0
-80 -93 0
-80 -94 0
-80 -95 0
-80 -96 0
-81 -82 0
-81 -83 0
-81 -84 0
-81 -85 0
-81 -86 0
-81 -87 0
-81 -88 0
-81 -89 0
-81 -90 0
-81 -91 0
-81 -92 0
-81 -93 0
-81 -94 0
-81 -95 0
-81 -96 0
-82 -83 0
-82 -84 0
-82 -85 0
-82 -86 0
-82 -87 0
-82 -88 0
-82 -89 0
-82 -90 0
-82 -91 0
-82 -92 0
-82 -93 0
-82 -94 0
-82 -95 0
-82 -96 0
-83 -84 0
-83 -85 0
-83 -86 0
-83 -87 0
-83 -88 0
-83 -89 0
-83 -90 0
-83 -91 0
-83 -92 0
-83 -93 0
-83 -94 0
-83 -95 0
-83 -96 0
-84 -85 0
-84 -86 0
-84 -87 0
-84 -88 0
-84 -89 0
-84 -90 0
-84 -91 0
-84 -92 0
-84 -93 0
-84 -94 0
-84 -95 0
-84 -96 0
-85 -86 0
-85 -87 0
-85 -88 0
-85 -89 0
-85 -90 0
-85 -91 0
-85 -92 0
-85 -93 0
-85 -94 0
-85 -95 0
-85 -96 0
-86 -87 0
-86 -88 0
-86 -89 0
-86 -90 0
-86 -91 0
-86 -92 0
-86 -93 0
-86 -94 0
-86 -95 0
-86 -96 0
-87 -88 0
-87 -89 0
-87 -90 0
-87 -91 0
-87 -92 0
-87 -93 0
-87 -94 0
-87 -95 0
-87 -96 0
-88 -89 0
-88 -90 0
-88 -91 0
-88 -92 0
-88 -93 0
-88 -94 0
-88 -95 0
-88 -96 0
-89 -90 0
-89 -91 0
-89 -92 0
-89 -93 0
-89 -94 0
-89 -95 0
-89 -96 0
-90 -91 0
-90 -92 0
-90 -93 0
-90 -94 0
-90 -95 0
-90 -96 0
-91 -92 0
-91 -93 0
-91 -94 0
-91 -95 0
-91 -96 0
-92 -93 0
-92 -94 0
-92 -95 0
-92 -96 0
-93 -94 0
-93 -95 0
-93 -96 0
-94 -95 0
-94 -96 0
-95 -96 0
-1 -41 0
-1 -42 0
-2 -41 0
-2 -42 0
-3 -41 0
-3 -42 0
-4 -41 0
-4 -42 0
-5 -41 0
-5 -42 0
-6 -41 0
-6 -42 0
-6 -43 0
-6 -44 0
-7 -41 0
-7 -42 0
-7 -43 0
-7 -44 0
-8 -41 0
-8 -42 0
-8 -43 0
-8 -44 0
-9 -41 0
-9 -42 0
-9 -43 0
-9 -44 0
-10 -41 0
-10 -42 0
-10 -43 0
-10 -44 0
-11 -43 0
-11 -44 0
-11 -45 0
-11 -46 0
-12 -43 0
-12 -44 0
-12 -45 0
-12 -46 0
-13 -43 0
-13 -44 0
-13 -45 0
-13 -46 0
-14 -43 0
-14 -44 0
-14 -45 0
-14 -46 0
-15 -43 0
-15 -44 0
-15 -45 0
-15 -46 0
-16 -45 0
-16 -46 0
-16 -47 0
-16 -48 0
-17 -45 0
-17 -46 0
-17 -47 0
-17 -48 0
-18 -45 0
-18 -46 0
-18 -47 0
-18 -48 0
-19 -45 0
-19 -46 0
-19 -47 0
-19 -48 0
-20 -45 0
-20 -46 0
-20 -47 0
-20 -48 0
-21 -47 0
-21 -48 0
-21 -49 0
-21 -50 0
-22 -47 0
-22 -48 0
-22 -49 0
-22 -50 0
-23 -47 0
-23 -48 0
-23 -49 0
-23 -50 0
-24 -47 0
-24 -48 0
-24 -49 0
-24 -50 0
-25 -47 0
-25 -48 0
-25 -49 0
-25 -50 0
-26 -49 0
-26 -50 0
-26 -51 0
-26 -52 0
-27 -49 0
-27 -50 0
-27 -51 0
-27 -52 0
-28 -49 0
-28 -50 0
-28 -51 0
-28 -52 0
-29 -49 0
-29 -50 0
-29 -51 0
-29 -52 0
-30 -49 0
-30 -50 0
-30 -51 0
-30 -52 0
-31 -51 0
-31 -52 0
-31 -53 0
-31 -54 0
-32 -51 0
-32 -52 0
-32 -53 0
-32 -54 0
-33 -51 0
-33 -52 0
-33 -53 0
-33 -54 0
-34 -51 0
-34 -52 0
-34 -53 0
-34 -54 0
-35 -51 0
-35 -52 0
-35 -53 0
-35 -54 0
-36 -53 0
-36 -54 0
-37 -53 0
-37 -54 0
-38 -53 0
-38 -54 0
-39 -53 0
-39 -54 0
-40 -53 0
-40 -54 0
-1 -55 0
-1 -56 0
-2 -55 0
-2 -56 0
-3 -55 0
-3 -56 0
-4 -55 0
-4 -56 0
-5 -55 0
-5 -56 0
-6 -55 0
-6 -56 0
-6 -57 0
-6 -58 0
-7 -55 0
-7 -56 0
-7 -57 0
-7 -58 0
-8 -55 0
-8 -56 0
-8 -57 0
-8 -58 0
-9 -55 0
-9 -56 0
-9 -57 0
-9 -58 0
-10 -55 0
-10 -56 0
-10 -57 0
-10 -58 0
-11 -55 0
-11 -56 0
-11 -57 0
-11 -58 0
-11 -59 0
-11 -60 0
-12 -55 0
-12 -56 0
-12 -57 0
-12 -58 0
-12 -59 0
-12 -60 0
-13 -55 0
-13 -56 0
-13 -57 0
-13 -58 0
-13 -59 0
-13 -60 0
-14 -55 0
-14 -56 0
-14 -57 0
-14 -58 0
-14 -59 0
-14 -60 0
-15 -55 0
-15 -56 0
-15 -57 0
-15 -58 0
-15 -59 0
-15 -60 0
-16 -57 0
-16 -58 0
-16 -59 0
-16 -60 0
-16 -61 0
-16 -62 0
-17 -57 0
-17 -58 0
-17 -59 0
-17 -60 0
-17 -61 0
-17 -62 0
-18 -57 0
-18 -58 0
-18 -59 0
-18 -60 0
-18 -61 0
-18 -62 0
-19 -57 0
-19 -58 0
-19 -59 0
-19 -60 0
-19 -61 0
-19 -62 0
-20 -57 0
-20 -58 0
-20 -59 0
-20 -60 0
-20 -61 0
-20 -62 0
-21 -59 0
-21 -60 0
-21 -61 0
-21 -62 0
-21 -63 0
-21 -64 0
-22 -59 0
-22 -60 0
-22 -61 0
-22 -62 0
-22 -63 0
-22 -64 0
-23 -59 0
-23 -60 0
-23 -61 0
-23 -62 0
-23 -63 0
-23 -64 0
-24 -59 0
-24 -60 0
-24 -61 0
-24 -62 0
-24 -63 0
-24 -64 0
-25 -59 0
-25 -60 0
-25 -61 0
-25 -62 0
-25 -63 0
-25 -64 0
-26 -61 0
-26 -62 0
-26 -63 0
-26 -64 0
-26 -65 0
-26 -66 0
-27 -61 0
-27 -62 0
-27 -63 0
-27 -64 0
-27 -65 0
-27 -66 0
-28 -61 0
-28 -62 0
-28 -63 0
-28 -64 0
-28 -65 0
-28 -66 0
-29 -61 0
-29 -62 0
-29 -63 0
-29 -64 0
-29 -65 0
-29 -66 0
-30 -61 0
-30 -62 0
-30 -63 0
-30 -64 0
-30 -65 0
-30 -66 0
-31 -63 0
-31 -64 0
-31 -65 0
-31 -66 0
-32 -63 0
-32 -64 0
-32 -65 0
-32 -66 0
-33 -63 0
-33 -64 0
-33 -65 0
-33 -66 0
-34 -63 0
-34 -64 0
-34 -65 0
-34 -66 0
-35 -63 0
-35 -64 0
-35 -65 0
-35 -66 0
-36 -65 0
-36 -66 0
-37 -65 0
-37 -66 0
-38 -65 0
-38 -66 0
-39 -65 0
-39 -66 0
-40 -65 0
-40 -66 0
-1 -67 0
-1 -68 0
-1 -69 0
-1 -70 0
-2 -67 0
-2 -68 0
-2 -69 0
-2 -70 0
-2 -71 0
-3 -67 0
-3 -68 0
-3 -69 0
-3 -70 0
-3 -71 0
-4 -67 0
-4 -68 0
-4 -69 0
-4 -70 0
-4 -71 0
-5 -68 0
-5 -69 0
-5 -70 0
-5 -71 0
-6 -67 0
-6 -68 0
-6 -69 0
-6 -70 0
-6 -72 0
-6 -73 0
-6 -74 0
-6 -75 0
-7 -67 0
-7 -68 0
-7 -69 0
-7 -70 0
-7 -71 0
-7 -72 0
-7 -73 0
-7 -74 0
-7 -75 0
-7 -76 0
-8 -67 0
-8 -68 0
-8 -69 0
-8 -70 0
-8 -71 0
-8 -72 0
-8 -73 0
-8 -74 0
-8 -75 0
-8 -76 0
-9 -67 0
-9 -68 0
-9 -69 0
-9 -70 0
-9 -71 0
-9 -72 0
-9 -73 0
-9 -74 0
-9 -75 0
-9 -76 0
-10 -68 0
-10 -69 0
-10 -70 0
-10 -71 0
-10 -73 0
-10 -74 0
-10 -75 0
-10 -76 0
-11 -67 0
-11 -68 0
-11 -69 0
-11 -70 0
-11 -72 0
-11 -73 0
-11 -74 0
-11 -75 0
-11 -77 0
-11 -78 0
-11 -79 0
-11 -80 0
-12 -67 0
-12 -68 0
-12 -69 0
-12 -70 0
-12 -71 0
-12 -72 0
-12 -73 0
-12 -74 0
-12 -75 0
-12 -76 0
-12 -77 0
-12 -78 0
-12 -79 0
-12 -80 0
-12 -81 0
-13 -67 0
-13 -68 0
-13 -69 0
-13 -70 0
-13 -71 0
-13 -72 0
-13 -73 0
-13 -74 0
-13 -75 0
-13 -76 0
-13 -77 0
-13 -78 0
-13 -79 0
-13 -80 0
-13 -81 0
-14 -67 0
-14 -68 0
-14 -69 0
-14 -70 0
-14 -71 0
-14 -72 0
-14 -73 0
-14 -74 0
-14 -75 0
-14 -76 0
-14 -77 0
-14 -78 0
-14 -79 0
-14 -80 0
-14 -81 0
-15 -68 0
-15 -69 0
-15 -70 0
-15 -71 0
-15 -73 0
-15 -74 0
-15 -75 0
-15 -76 0
-15 -78 0
-15 -79 0
-15 -80 0
-15 -81 0
-16 -72 0
-16 -73 0
-16 -74 0
-16 -75 0
-16 -77 0
-16 -78 0
-16 -79 0
-16 -80 0
-16 -82 0
-16 -83 0
-16 -84 0
-16 -85 0
-17 -72 0
-17 -73 0
-17 -74 0
-17 -75 0
-17 -76 0
-17 -77 0
-17 -78 0
-17 -79 0
-17 -80 0
-17 -81 0
-17 -82 0
-17 -83 0
-17 -84 0
-17 -85 0
-17 -86 0
-18 -72 0
-18 -73 0
-18 -74 0
-18 -75 0
-18 -76 0
-18 -77 0
-18 -78 0
-18 -79 0
-18 -80 0
-18 -81 0
-18 -82 0
-18 -83 0
-18 -84 0
-18 -85 0
-18 -86 0
-19 -72 0
-19 -73 0
-19 -74 0
-19 -75 0
-19 -76 0
-19 -77 0
-19 -78 0
-19 -79 0
-19 -80 0
-19 -81 0
-19 -82 0
-19 -83 0
-19 -84 0
-19 -85 0
-19 -86 0
-20 -73 0
-20 -74 0
-20 -75 0
-20 -76 0
-20 -78 0
-20 -79 0
-20 -80 0
-20 -81 0
-20 -83 0
-20 -84 0
-20 -85 0
-20 -86 0
-21 -77 0
-21 -78 0
-21 -79 0
-21 -80 0
-21 -82 0
-21 -83 0
-21 -84 0
-21 -85 0
-21 -87 0
-21 -88 0
-21 -89 0
-21 -90 0
-22 -77 0
-22 -78 0
-22 -79 0
-22 -80 0
-22 -81 0
-22 -82 0
-22 -83 0
-22 -84 0
-22 -85 0
-22 -86 0
-22 -87 0
-22 -88 0
-22 -89 0
-22 -90 0
-22 -91 0
-23 -77 0
-23 -78 0
-23 -79 0
-23 -80 0
-23 -81 0
-23 -82 0
-23 -83 0
-23 -84 0
-23 -85 0
-23 -86 0
-23 -87 0
-23 -88 0
-23 -89 0
-23 -90 0
-23 -91 0
-24 -77 0
-24 -78 0
-24 -79 0
-24 -80 0
-24 -81 0
-24 -82 0
-24 -83 0
-24 -84 0
-24 -85 0
-24 -86 0
-24 -87 0
-24 -88 0
-24 -89 0
-24 -90 0
-24 -91 0
-25 -78 0
-25 -79 0
-25 -80 0
-25 -81 0
-25 -83 0
-25 -84 0
-25 -85 0
-25 -86 0
-25 -88 0
-25 -89 0
-25 -90 0
-25 -91 0
-26 -82 0
-26 -83 0
-26 -84 0
-26 -85 0
-26 -87 0
-26 -88 0
-26 -89 0
-26 -90 0
-26 -92 0
-26 -93 0
-26 -94 0
-26 -95 0
-27 -82 0
-27 -83 0
-27 -84 0
-27 -85 0
-27 -86 0
-27 -87 0
-27 -88 0
-27 -89 0
-27 -90 0
-27 -91 0
-27 -92 0
-27 -93 0
-27 -94 0
-27 -95 0
-27 -96 0
-28 -82 0
-28 -83 0
-28 -84 0
-28 -85 0
-28 -86 0
-28 -87 0
-28 -88 0
-28 -89 0
-28 -90 0
-28 -91 0
-28 -92 0
-28 -93 0
-28 -94 0
-28 -95 0
-28 -96 0
-29 -82 0
-29 -83 0
-29 -84 0
-29 -85 0
-29 -86 0
-29 -87 0
-29 -88 0
-29 -89 0
-29 -90 0
-29 -91 0
-29 -92 0
-29 -93 0
-29 -94 0
-29 -95 0
-29 -96 0
-30 -83 0
-30 -84 0
-30 -85 0
-30 -86 0
-30 -88 0
-30 -89 0
-30 -90 0
-30 -91 0
-30 -93 0
-30 -94 0
-30 -95 0
-30 -96 0
-31 -87 0
-31 -88 0
-31 -89 0
-31 -90 0
-31 -92 0
-31 -93 0
-31 -94 0
-31 -95 0
-32 -87 0
-32 -88 0
-32 -89 0
-32 -90 0
-32 -91 0
-32 -92 0
-32 -93 0
-32 -94 0
-32 -95 0
-32 -96 0
-33 -87 0
-33 -88 0
-33 -89 0
-33 -90 0
-33 -91 0
-33 -92 0
-33 -93 0
-33 -94 0
-33 -95 0
-33 -96 0
-34 -87 0
-34 -88 0
-34 -89 0
-34 -90 0
-34 -91 0
-34 -92 0
-34 -93 0
-34 -94 0
-34 -95 0
-34 -96 0
-35 -88 0
-35 -89 0
-35 -90 0
-35 -91 0
-35 -93 0
-35 -94 0
-35 -95 0
-35 -96 0
-36 -92 0
-36 -93 0
-36 -94 0
-36 -95 0
-37 -92 0
-37 -93 0
-37 -94 0
-37 -95 0
-37 -96 0
-38 -92 0
-38 -93 0
-38 -94 0
-38 -95 0
-38 -96 0
-39 -92 0
-39 -93 0
-39 -94 0
-39 -95 0
-39 -96 0
-40 -93 0
-40 -94 0
-40 -95 0
-40 -96 0
-41 -55 0
-41 -56 0
-41 -57 0
-41 -58 0
-42 -55 0
-42 -56 0
-42 -57 0
-42 -58 0
-43 -55 0
-43 -56 0
-43 -57 0
-43 -58 0
-43 -59 0
-43 -60 0
-44 -55 0
-44 -56 0
-44 -57 0
-44 -58 0
-44 -59 0
-44 -60 0
-45 -55 0
-45 -56 0
-45 -57 0
-45 -58 0
-45 -59 0
-45 -60 0
-45 -61 0
-45 -62 0
-46 -55 0
-46 -56 0
-46 -57 0
-46 -58 0
-46 -59 0
-46 -60 0
-46 -61 0
-46 -62 0
-47 -57 0
-47 -58 0
-47 -59 0
-47 -60 0
-47 -61 0
-47 -62 0
-47 -63 0
-47 -64 0
-48 -57 0
-48 -58 0
-48 -59 0
-48 -60 0
-48 -61 0
-48 -62 0
-48 -63 0
-48 -64 0
-49 -59 0
-49 -60 0
-49 -61 0
-49 -62 0
-49 -63 0
-49 -64 0
-49 -65 0
-49 -66 0
-50 -59 0
-50 -60 0
-50 -61 0
-50 -62 0
-50 -63 0
-50 -64 0
-50 -65 0
-50 -66 0
-51 -61 0
-51 -62 0
-51 -63 0
-51 -64 0
-51 -65 0
-51 -66 0
-52 -61 0
-52 -62 0
-52 -63 0
-52 -64 0
-52 -65 0
-52 -66 0
-53 -63 0
-53 -64 0
-53 -65 0
-53 -66 0
-54 -63 0
-54 -64 0
-54 -65 0
-54 -66 0
-41 -67 0
-41 -68 0
-41 -69 0
-41 -70 0
-41 -71 0
-41 -72 0
-41 -73 0
-41 -74 0
-41 -75 0
-41 -76 0
-42 -67 0
-42 -68 0
-42 -69 0
-42 -70 0
-42 -71 0
-42 -72 0
-42 -73 0
-42 -74 0
-42 -75 0
-42 -76 0
-43 -67 0
-43 -68 0
-43 -69 0
-43 -70 0
-43 -71 0
-43 -72 0
-43 -73 0
-43 -74 0
-43 -75 0
-43 -76 0
-43 -77 0
-43 -78 0
-43 -79 0
-43 -80 0
-43 -81 0
-44 -67 0
-44 -68 0
-44 -69 0
-44 -70 0
-44 -71 0
-44 -72 0
-44 -73 0
-44 -74 0
-44 -75 0
-44 -76 0
-44 -77 0
-44 -78 0
-44 -79 0
-44 -80 0
-44 -81 0
-45 -67 0
-45 -68 0
-45 -69 0
-45 -70 0
-45 -71 0
-45 -72 0
-45 -73 0
-45 -74 0
-45 -75 0
-45 -76 0
-45 -77 0
-45 -78 0
-45 -79 0
-45 -80 0
-45 -81 0
-45 -82 0
-45 -83 0
-45 -84 0
-45 -85 0
-45 -86 0
-46 -67 0
-46 -68 0
-46 -69 0
-46 -70 0
-46 -71 0
-46 -72 0
-46 -73 0
-46 -74 0
-46 -75 0
-46 -76 0
-46 -77 0
-46 -78 0
-46 -79 0
-46 -80 0
-46 -81 0
-46 -82 0
-46 -83 0
-46 -84 0
-46 -85 0
-46 -86 0
-47 -72 0
-47 -73 0
-47 -74 0
-47 -75 0
-47 -76 0
-47 -77 0
-47 -78 0
-47 -79 0
-47 -80 0
-47 -81 0
-47 -82 0
-47 -83 0
-47 -84 0
-47 -85 0
-47 -86 0
-47 -87 0
-47 -88 0
-47 -89 0
-47 -90 0
-47 -91 0
-48 -72 0
-48 -73 0
-48 -74 0
-48 -75 0
-48 -76 0
-48 -77 0
-48 -78 0
-48 -79 0
-48 -80 0
-48 -81 0
-48 -82 0
-48 -83 0
-48 -84 0
-48 -85 0
-48 -86 0
-48 -87 0
-48 -88 0
-48 -89 0
-48 -90 0
-48 -91 0
-49 -77 0
-49 -78 0
-49 -79 0
-49 -80 0
-49 -81 0
-49 -82 0
-49 -83 0
-49 -84 0
-49 -85 0
-49 -86 0
-49 -87 0
-49 -88 0
-49 -89 0
-49 -90 0
-49 -91 0
-49 -92 0
-49 -93 0
-49 -94 0
-49 -95 0
-49 -96 0
-50 -77 0
-50 -78 0
-50 -79 0
-50 -80 0
-50 -81 0
-50 -82 0
-50 -83 0
-50 -84 0
-50 -85 0
-50 -86 0
-50 -87 0
-50 -88 0
-50 -89 0
-50 -90 0
-50 -91 0
-50 -92 0
-50 -93 0
-50 -94 0
-50 -95 0
-50 -96 0
-51 -82 0
-51 -83 0
-51 -84 0
-51 -85 0
-51 -86 0
-51 -87 0
-51 -88 0
-51 -89 0
-51 -90 0
-51 -91 0
-51 -92 0
-51 -93 0
-51 -94 0
-51 -95 0
-51 -96 0
-52 -82 0
-52 -83 0
-52 -84 0
-52 -85 0
-52 -86 0
-52 -87 0
-52 -88 0
-52 -89 0
-52 -90 0
-52 -91 0
-52 -92 0
-52 -93 0
-52 -94 0
-52 -95 0
-52 -96 0
-53 -87 0
-53 -88 0
-53 -89 0
-53 -90 0
-53 -91 0
-53 -92 0
-53 -93 0
-53 -94 0
-53 -95 0
-53 -96 0
-54 -87 0
-54 -88 0
-54 -89 0
-54 -90 0
-54 -91 0
-54 -92 0
-54 -93 0
-54 -94 0
-54 -95 0
-54 -96 0
-55 -67 0
-55 -68 0
-55 -69 0
-55 -70 0
-55 -71 0
-55 -72 0
-55 -73 0
-55 -74 0
-55 -75 0
-55 -76 0
-55 -77 0
-55 -78 0
-55 -79 0
-55 -80 0
-55 -81 0
-56 -67 0
-56 -68 0
-56 -69 0
-56 -70 0
-56 -71 0
-56 -72 0
-56 -73 0
-56 -74 0
-56 -75 0
-56 -76 0
-56 -77 0
-56 -78 0
-56 -79 0
-56 -80 0
-56 -81 0
-57 -67 0
-57 -68 0
-57 -69 0
-57 -70 0
-57 -71 0
-57 -72 0
-57 -73 0
-57 -74 0
-57 -75 0
-57 -76 0
-57 -77 0
-57 -78 0
-57 -79 0
-57 -80 0
-57 -81 0
-57 -82 0
-57 -83 0
-57 -84 0
-57 -85 0
-57 -86 0
-58 -67 0
-58 -68 0
-58 -69 0
-58 -70 0
-58 -71 0
-58 -72 0
-58 -73 0
-58 -74 0
-58 -75 0
-58 -76 0
-58 -77 0
-58 -78 0
-58 -79 0
-58 -80 0
-58 -81 0
-58 -82 0
-58 -83 0
-58 -84 0
-58 -85 0
-58 -86 0
-59 -67 0
-59 -68 0
-59 -69 0
-59 -70 0
-59 -71 0
-59 -72 0
-59 -73 0
-59 -74 0
-59 -75 0
-59 -76 0
-59 -77 0
-59 -78 0
-59 -79 0
-59 -80 0
-59 -81 0
-59 -82 0
-59 -83 0
-59 -84 0
-59 -85 0
-59 -86 0
-59 -87 0
-59 -88 0
-59 -89 0
-59 -90 0
-59 -91 0
-60 -67 0
-60 -68 0
-60 -69 0
-60 -70 0
-60 -71 0
-60 -72 0
-60 -73 0
-60 -74 0
-60 -75 0
-60 -76 0
-60 -77 0
-60 -78 0
-60 -79 0
-60 -80 0
-60 -81 0
-60 -82 0
-60 -83 0
-60 -84 0
-60 -85 0
-60 -86 0
-60 -87 0
-60 -88 0
-60 -89 0
-60 -90 0
-60 -91 0
-61 -72 0
-61 -73 0
-61 -74 0
-61 -75 0
-61 -76 0
-61 -77 0
-61 -78 0
-61 -79 0
-61 -80 0
-61 -81 0
-61 -82 0
-61 -83 0
-61 -84 0
-61 -85 0
-61 -86 0
-61 -87 0
-61 -88 0
-61 -89 0
-61 -90 0
-61 -91 0
-61 -92 0
-61 -93 0
-61 -94 0
-61 -95 0
-61 -96 0
-62 -72 0
-62 -73 0
-62 -74 0
-62 -75 0
-62 -76 0
-62 -77 0
-62 -78 0
-62 -79 0
-62 -80 0
-62 -81 0
-62 -82 0
-62 -83 0
-62 -84 0
-62 -85 0
-62 -86 0
-62 -87 0
-62 -88 0
-62 -89 0
-62 -90 0
-62 -91 0
-62 -92 0
-62 -93 0
-62 -94 0
-62 -95 0
-62 -96 0
-63 -77 0
-63 -78 0
-63 -79 0
-63 -80 0
-63 -81 0
-63 -82 0
-63 -83 0
-63 -84 0
-63 -85 0
-63 -86 0
-63 -87 0
-63 -88 0
-63 -89 0
-63 -90 0
-63 -91 0
-63 -92 0
-63 -93 0
-63 -94 0
-63 -95 0
-63 -96 0
-64 -77 0
-64 -78 0
-64 -79 0
-64 -80 0
-64 -81 0
-64 -82 0
-64 -83 0
-64 -84 0
-64 -85 0
-64 -86 0
-64 -87 0
-64 -88 0
-64 -89 0
-64 -90 0
-64 -91 0
-64 -92 0
-64 -93 0
-64 -94 0
-64 -95 0
-64 -96 0
-65 -82 0
-65 -83 0
-65 -84 0
-65 -85 0
-65 -86 0
-65 -87 0
-65 -88 0
-65 -89 0
-65 -90 0
-65 -91 0
-65 -92 0
-65 -93 0
-65 -94 0
-65 -95 0
-65 -96 0
-66 -82 0
-66 -83 0
-66 -84 0
-66 -85 0
-66 -86 0
-66 -87 0
-66 -88 0
-66 -89 0
-66 -90 0
-66 -91 0
-66 -92 0
-66 -93 0
-66 -94 0
-66 -95 0
-66 -96 0
